0 0
0 0
0 0
0 0
0 0
0 0
0 0
0 0
0 0
0 0
0 0
0 0
0 0
0 0
0 0
0 0
0 0
0 0
0 0
0 0
0 0
0 0
0 0
0 0
0 0
0 0
0 0
0 0
0 0
0 0
0 0
0 0
0 0
0 0
0 0
0 0
0 0
0 0
0 0
0 0
0 0
0 0
0 0
5 0
10 0
15 0
20 0
25 0
30 0
35 0
40 0
45 0
50 0
55 0
60 0
65 0
70 0
75 0
80 0
85 0
90 0
95 0
100 0
105 0
110 0
115 0
120 0
125 0
130 0
135 0
140 0
145 0
150 0
155 0
160 0
165 0
170 0
175 0
180 0
185 0
190 0
195 0
200 0
205 0
210 0
215 0
220 0
225 0
230 0
235 0
240 0
245 0
250 0
255 0
260 0
265 0
270 0
275 0
280 0
285 5
290 10
295 15
300 20
305 25
310 30
315 35
320 40
325 45
330 50
335 55
340 60
345 65
350 65
355 65
360 65
365 65
370 65
375 65
380 65
385 65
390 65
395 65
400 65
405 65
410 65
415 65
420 65
425 65
430 65
435 65
440 65
445 65
450 65
455 65
460 65
465 65
470 65
475 65
480 65
485 65
490 65
495 65
500 65
505 65
510 65
515 65
520 65
525 65
530 65
535 65
540 65
545 65
550 65
555 65
560 65
565 65
570 65
575 65
580 65
585 65
590 65
595 65
600 65
605 65
610 65
615 65
620 65
625 65
630 65
635 65
640 65
645 65
650 65
655 65
660 65
665 65
670 65
675 65
680 65
685 65
690 65
695 65
700 65
705 65
710 65
715 65
720 65
725 65
730 65
735 65
740 65
745 65
750 65
755 65
760 65
765 65
770 65
775 65
780 65
785 65
790 65
795 65
800 65
805 65
810 65
815 65
820 65
825 65
830 65
835 65
840 65
845 65
850 65
855 65
860 65
865 65
870 65
875 65
880 65
885 65
890 65
895 65
900 65
905 65
910 65
915 65
920 65
925 65
930 65
935 65
940 65
945 65
950 65
955 65
960 65
965 65
970 65
975 65
980 65
985 65
990 65
995 65
1000 65
1005 65
1010 65
1015 65
1020 65
1025 65
1030 65
1035 65
1040 65
1045 65
1050 65
1055 65
1060 65
1065 65
1070 65
1075 65
1080 65
1085 65
1090 65
1095 65
1100 65
1105 65
1110 65
1115 65
1120 65
1125 65
1130 65
1135 65
1140 65
1145 65
1150 65
1155 65
1160 65
1165 65
1170 65
1175 65
1180 65
1185 65
1190 65
1195 65
1200 65
1205 65
1210 65
1215 65
1220 65
1225 65
1230 65
1235 65
1240 65
1245 65
1250 65
1255 65
1260 65
1265 65
1270 65
1275 65
1280 65
1285 65
1290 65
1295 65
1300 65
1305 65
1310 65
1315 65
1320 65
1325 65
1330 65
1335 65
1340 65
1345 65
1350 65
1355 65
1360 65
1365 65
1370 65
1375 65
1380 65
1385 65
1390 65
1395 65
1400 65
1405 65
1410 65
1415 65
1420 65
1425 65
1430 65
1435 65
1440 65
1445 65
1450 65
1455 65
1460 65
1465 65
1470 65
1475 65
1480 65
1485 65
1490 65
1495 65
1500 65
1505 65
1510 65
1515 65
1520 65
1525 65
1530 65
1535 65
1540 65
1545 65
1550 65
1555 65
1560 65
1565 65
1570 65
1575 70
1580 75
1585 80
1590 85
1595 90
1600 95
1605 100
1610 105
1615 110
1620 115
1625 120
1630 125
1635 130
1640 135
1645 140
1650 145
1655 150
1660 155
1665 155
1670 155
1675 155
1680 155
1685 155
1690 155
1695 155
1700 155
1705 155
1710 155
1715 155
1720 155
1725 155
1730 155
1735 155
1740 155
1745 155
1750 160
1755 165
1760 170
1765 175
1770 180
1775 185
1780 190
1785 195
1790 200
1795 205
1800 210
1805 215
1810 220
1815 225
1820 230
1825 235
1830 240
1835 245
1840 250
1845 255
1850 260
1850 265
1845 270
1840 275
1835 280
1830 285
1825 290
1820 295
1815 300
1810 305
1805 310
1800 315
1795 320
1790 325
1785 330
1780 335
1775 340
1770 345
1765 350
1760 355
1755 360
1750 365
1745 370
1740 375
1735 380
1730 385
1725 390
1720 395
1715 400
1710 405
1705 410
1700 415
1695 420
1690 425
1685 430
1680 435
1675 440
1670 445
1665 450
1660 455
1655 460
1650 465
1645 470
1640 475
1635 480
1630 485
1625 490
1620 495
1620 500
1620 505
1620 510
1620 515
1620 520
1620 525
1620 530
1620 535
1620 540
1620 545
1620 550
1620 555
1620 560
1620 565
1620 570
1620 575
1620 580
1620 585
1620 590
1620 595
1620 600
1620 605
1620 610
1620 615
1620 620
1620 625
1620 630
1620 635
1620 640
1620 645
1620 650
1620 655
1620 660
1625 665
1630 670
1635 675
1640 680
1645 685
1650 690
1655 695
1660 700
1665 705
1670 710
1675 715
1680 720
1685 725
1690 730
1695 735
1700 740
1705 745
1710 750
1715 755
1710 760
1705 765
1700 770
1700 775
1700 780
1700 785
1700 790
1700 795
1700 800
1700 805
1700 810
1700 815
1700 820
1700 825
1700 830
1700 835
1700 840
1700 845
1700 850
1700 855
1700 860
1700 865
1700 870
1700 875
1700 880
1700 885
1700 890
1700 890
1700 890
1700 890
1700 890
1700 890
1700 890
1700 890
1700 890
1700 890
1700 890
1700 890
1700 890
1700 890
1700 890
1700 890
1700 890
1700 890
1700 890
1700 890
1700 890
1695 890
1690 890
1685 890
1680 890
1675 890
1670 890
1665 890
1660 890
1655 890
1650 890
1645 890
1640 890
1635 890
1630 890
1625 890
1620 890
1615 890
1610 890
1605 890
1600 890
1595 890
1590 890
1585 890
1580 890
1575 890
1570 890
1565 890
1560 890
1555 890
1550 890
1545 890
1540 890
1535 890
1530 890
1525 890
1520 890
1515 895
1510 900
1505 905
1500 910
1495 915
1490 920
1485 925
1480 930
1475 935
1470 940
1465 945
1460 950
1455 955
1450 960
1445 965
1440 965
1435 965
1435 965
1435 965
1435 965
1435 965
1435 965
1435 965
1435 965
1435 965
1435 965
1435 965
1435 965
1435 965
1435 965
1435 965
1435 965
1435 965
1435 965
1430 965
1425 965
1420 965
1415 965
1410 965
1405 965
1400 965
1395 965
1395 965
1395 965
1395 965
1395 965
1395 965
1395 965
1395 965
1395 965
1395 965
1395 965
1395 965
1395 965
1395 965
1395 960
1395 955
1395 950
1395 945
1395 940
1395 940
1395 940
1395 940
1395 940
1395 940
1395 940
1395 940
1395 940
1395 940
1395 940
1395 940
1395 940
1395 940
1390 940
1385 940
1380 940
1375 940
1370 940
1365 940
1360 940
1355 940
1350 940
1345 940
1340 940
1340 940
1340 940
1340 940
1340 940
1340 940
1340 945
1340 950
1340 955
